P2: 922.5465 0.0 945.057 0.0 0.0 922.4229 517.575 0.0 0.0 0.0 1.0 0.0
R0_rect: 1.0 0.0 0.0 0.0 1.0 0.0 0.0 0.0 1.0
Tr_velo_to_cam: 0.027727645812123284 -0.9996055106484301 -0.004472218578007553 0.3978127472857436 0.01469710981005944 0.004881124065586863 -0.9998800776048536 1.5386402392049179 0.9995074650151189 0.02765859195889008 0.014826654035996102 -0.7310757104799247
