P2: 922.5465 0.0 945.057 0.0 0.0 922.4229 517.575 0.0 0.0 0.0 1.0 0.0
R0_rect: 1.0 0.0 0.0 0.0 1.0 0.0 0.0 0.0 1.0
Tr_velo_to_cam: 0.027628212789792845 -0.9996168748451326 -0.0016689466414179803 0.3917502927306824 0.01556705388456514 0.0020996350296336283 -0.9998766215719301 1.5465033731180524 0.9994970478652734 0.027598823482031066 0.015619098918014412 -0.7312909482325962
