P2: 930.4514 0.0 991.6883 0.0 0.0 930.0891 541.6057 0.0 0.0 0.0 1.0 0.0
R0_rect: 1.0 0.0 0.0 0.0 1.0 0.0 0.0 0.0 1.0
Tr_velo_to_cam: -0.02758472059848825 0.9995720865799042 0.009732775544499467 0.1198598673156468 -0.020006597209490974 0.009182470004346169 -0.9997576797968177 1.581966444581413 -0.9994192409882853 -0.02777275598343733 0.019744740248580684 -0.5637939984264995
