P2: 930.4514 0.0 991.6883 0.0 0.0 930.0891 541.6057 0.0 0.0 0.0 1.0 0.0
R0_rect: 1.0 0.0 0.0 0.0 1.0 0.0 0.0 0.0 1.0
Tr_velo_to_cam: -0.0271837624768375 0.999614498625698 0.0056477601663607775 0.04116516671656145 -0.01863962223077648 0.005141991469217211 -0.999813044727275 1.578198958718493 -0.9994566561590834 -0.0272839524450609 0.018492657956032922 -0.5616862073802631
