P2: 930.4514 0.0 991.6883 0.0 0.0 930.0891 541.6057 0.0 0.0 0.0 1.0 0.0
R0_rect: 1.0 0.0 0.0 0.0 1.0 0.0 0.0 0.0 1.0
Tr_velo_to_cam: -0.02708238294898874 0.9996042125960566 0.007613323454532069 -0.5774894000474305 -0.016752855898662898 0.007161186812003661 -0.9998340158359703 1.5641641291760027 -0.9994928145579858 -0.027205432613038733 0.016552283325706164 -0.5467556075139695
