P2: 930.4514 0.0 991.6883 0.0 0.0 930.0891 541.6057 0.0 0.0 0.0 1.0 0.0
R0_rect: 1.0 0.0 0.0 0.0 1.0 0.0 0.0 0.0 1.0
Tr_velo_to_cam: -0.027068838987008813 0.9996046997315579 0.007597514756628895 -0.5691267403274278 -0.01670292366116262 0.007146957252925276 -0.9998349530513494 1.564208046504231 -0.9994940171392046 -0.027191272066725013 0.0165028611558291 -0.5457848004119055
