P2: 933.4667 0.0 896.4692 0.0 0.0 934.6754 507.3557 0.0 0.0 0.0 1.0 0.0
R0_rect: 1.0 0.0 0.0 0.0 1.0 0.0 0.0 0.0 1.0
Tr_velo_to_cam: -0.9995322175154865 -0.03058257941373005 0.0002280021408641514 0.006433743580044782 -0.00019161816058280658 -0.0011926217560728908 -0.9999992704676472 1.6625158800208317 0.03058282902306257 -0.9995315320137474 0.0011862036908916378 -1.1172275368876097
