P2: 933.4667 0.0 896.4692 0.0 0.0 934.6754 507.3557 0.0 0.0 0.0 1.0 0.0
R0_rect: 1.0 0.0 0.0 0.0 1.0 0.0 0.0 0.0 1.0
Tr_velo_to_cam: -0.9995450068363686 -0.03012199198382868 -0.0015636199696976208 0.009297776700688876 0.0017294126783038751 -0.005478775900066111 -0.9999834959370203 1.658129216716965 0.030112928125169067 -0.9995312144268246 0.005528376449319089 -1.0197515012137726
