P2: 933.4667 0.0 896.4692 0.0 0.0 934.6754 507.3557 0.0 0.0 0.0 1.0 0.0
R0_rect: 1.0 0.0 0.0 0.0 1.0 0.0 0.0 0.0 1.0
Tr_velo_to_cam: -0.9995359242797273 -0.030252019060741816 -0.0035709126311468027 0.031096021673480467 0.0036697191932533444 -0.003211223376031095 -0.9999881105320558 1.6488444072335926 0.030240192382216056 -0.9995371445760168 0.0033207495402117686 -0.2700321208141996
