P2: 933.4667 0.0 896.4692 0.0 0.0 934.6754 507.3557 0.0 0.0 0.0 1.0 0.0
R0_rect: 1.0 0.0 0.0 0.0 1.0 0.0 0.0 0.0 1.0
Tr_velo_to_cam: -0.9995360997147926 -0.0302556190111656 -0.0034903990017289073 0.02994222693671877 0.003588657318375312 -0.003193913041229822 -0.9999884601624843 1.6489243890456062 0.030244121835347557 -0.9995370910765323 0.0033010084326454405 -0.25945738348878783
