P2: 922.5465 0.0 945.057 0.0 0.0 922.4229 517.575 0.0 0.0 0.0 1.0 0.0
R0_rect: 1.0 0.0 0.0 0.0 1.0 0.0 0.0 0.0 1.0
Tr_velo_to_cam: 0.024552762545832153 -0.9996952336201125 -0.0025693829211942383 0.5771917510763385 0.015183632612234564 0.002942772585524069 -0.9998803915420112 1.5395797111222589 0.9995832227243832 0.024510813261449098 0.015251258348008575 -0.7333069428022386
