P2: 922.5465 0.0 945.057 0.0 0.0 922.4229 517.575 0.0 0.0 0.0 1.0 0.0
R0_rect: 1.0 0.0 0.0 0.0 1.0 0.0 0.0 0.0 1.0
Tr_velo_to_cam: 0.024564078368445073 -0.9996949448597137 -0.002573572583400161 0.578925372569496 0.015184483872386974 0.0029471565929459387 -0.9998803657025899 1.5395893410420405 0.9995829317787681 0.024522061290800878 0.015252245953042318 -0.7330761307440655
