P2: 1970.0131 0.0 970.0002 0.0 0.0 1970.0091 483.2988 0.0 0.0 0.0 1.0 0.0
R0_rect: 1.0 0.0 0.0 0.0 1.0 0.0 0.0 0.0 1.0
Tr_velo_to_cam: 0.9998129462784336 0.004347235193822898 0.01884606060184921 -0.03782167057591324 0.018831609392989182 0.0033415524169820472 -0.9998170855287059 1.8039567424584164 -0.004409415120950526 0.9999849676738222 0.0032590619320571135 -0.8576902926586318
