P2: 1970.0131 0.0 970.0002 0.0 0.0 1970.0091 483.2988 0.0 0.0 0.0 1.0 0.0
R0_rect: 1.0 0.0 0.0 0.0 1.0 0.0 0.0 0.0 1.0
Tr_velo_to_cam: 0.9998131207494279 0.004316588357206798 0.018843848923305668 -0.03853578230370991 0.01882954506306432 0.0033307121058571173 -0.9998171605796662 1.8039313633058438 -0.004378562550423542 0.9999851366004509 0.0032488102698841814 -0.8530418999826601
