P2: 930.4514 0.0 991.6883 0.0 0.0 930.0891 541.6057 0.0 0.0 0.0 1.0 0.0
R0_rect: 1.0 0.0 0.0 0.0 1.0 0.0 0.0 0.0 1.0
Tr_velo_to_cam: -0.0301738245827427 0.9994150871480003 0.016094219179692226 0.21438340558534769 -0.01890023265344855 0.015528193858215487 -0.9997007834352968 1.5689401738806976 -0.9993659597543307 -0.030468980561478842 0.01842063266689917 -0.5663576295054321
