P2: 930.4514 0.0 991.6883 0.0 0.0 930.0891 541.6057 0.0 0.0 0.0 1.0 0.0
R0_rect: 1.0 0.0 0.0 0.0 1.0 0.0 0.0 0.0 1.0
Tr_velo_to_cam: -0.029928002505904064 0.9995512752003151 0.0012501645609332528 0.24189764080126608 -0.015342406807643238 0.000791204466831116 -0.9998819853106861 1.597901430677922 -0.9994343026029046 -0.029943651095256877 0.015311843119955783 -0.5661520983827906
