P2: 1970.0131 0.0 970.0002 0.0 0.0 1970.0091 483.2988 0.0 0.0 0.0 1.0 0.0
R0_rect: 1.0 0.0 0.0 0.0 1.0 0.0 0.0 0.0 1.0
Tr_velo_to_cam: 0.9997771440739208 0.007329253247516899 0.019797581524730757 -0.038849175662288404 0.01979101784575546 0.0009669996052883592 -0.999803670989656 1.822088332061246 -0.007346958556000333 0.999972673105919 0.000821730721878209 -0.354830625695131
