P2: 1970.0131 0.0 970.0002 0.0 0.0 1970.0091 483.2988 0.0 0.0 0.0 1.0 0.0
R0_rect: 1.0 0.0 0.0 0.0 1.0 0.0 0.0 0.0 1.0
Tr_velo_to_cam: 0.9998187415030899 0.007465107348908674 0.017514460067251592 -0.03780952499897494 0.017451080331294506 0.008472356743402208 -0.9998118217777201 1.803215903930242 -0.007612091332136453 0.9999362436393043 0.00834054686872605 -0.3711236491485072
