P2: 933.4667 0.0 896.4692 0.0 0.0 934.6754 507.3557 0.0 0.0 0.0 1.0 0.0
R0_rect: 1.0 0.0 0.0 0.0 1.0 0.0 0.0 0.0 1.0
Tr_velo_to_cam: -0.9994448434809219 -0.03329274563601488 -0.0012640915356754298 0.002301673803749793 0.0010237600349668348 0.007234792372861271 -0.9999733044910307 1.6466902714812228 0.03330100230902606 -0.9994194569185336 -0.007196692148274797 -1.2332751880390018
