P2: 933.4667 0.0 896.4692 0.0 0.0 934.6754 507.3557 0.0 0.0 0.0 1.0 0.0
R0_rect: 1.0 0.0 0.0 0.0 1.0 0.0 0.0 0.0 1.0
Tr_velo_to_cam: -0.9994408021004645 -0.03307561964771641 -0.0049077980498541205 0.003219030815766244 0.005302274894954026 -0.011849373681739776 -0.9999157355618958 1.6790770664879995 0.03301467821616464 -0.9993826072772473 0.012018123564559245 -1.2679392797980302
