P2: 1970.0131 0.0 970.0002 0.0 0.0 1970.0091 483.2988 0.0 0.0 0.0 1.0 0.0
R0_rect: 1.0 0.0 0.0 0.0 1.0 0.0 0.0 0.0 1.0
Tr_velo_to_cam: 0.9998449293932254 0.004914189831450687 0.01691058558879662 -0.03806860686180025 0.016902004447592482 0.0017825144418584615 -0.9998555620127927 1.8111185895349589 -0.004943623398794992 0.9999863365969379 0.0016991783678748662 -0.47645084613895616
