P2: 1970.0131 0.0 970.0002 0.0 0.0 1970.0091 483.2988 0.0 0.0 0.0 1.0 0.0
R0_rect: 1.0 0.0 0.0 0.0 1.0 0.0 0.0 0.0 1.0
Tr_velo_to_cam: 0.9998504725614774 0.005177440058915268 0.01649929189467291 -0.037971064231083984 0.016471134622941884 0.005434768759746171 -0.9998495711919669 1.812117597406759 -0.005266331058925647 0.9999718283046595 0.005348677800481916 -0.42917368821917634
