P2: 922.5465 0.0 945.057 0.0 0.0 922.4229 517.575 0.0 0.0 0.0 1.0 0.0
R0_rect: 1.0 0.0 0.0 0.0 1.0 0.0 0.0 0.0 1.0
Tr_velo_to_cam: 0.025759919329823647 -0.9996624845428721 -0.0033680192535407516 0.41944084679118276 0.014316816274746744 0.003737712101299235 -0.9998905231474104 1.5423457399501972 0.9995656333267343 0.025708879902069756 0.014408267290164745 -0.7305875442163816
