P2: 922.5465 0.0 945.057 0.0 0.0 922.4229 517.575 0.0 0.0 0.0 1.0 0.0
R0_rect: 1.0 0.0 0.0 0.0 1.0 0.0 0.0 0.0 1.0
Tr_velo_to_cam: 0.025639694931603833 -0.9996692350265596 -0.0020066352999625926 0.43703172041347227 0.014477271187519606 0.002378398833777029 -0.9998923701268803 1.5423315449649855 0.9995664133326894 0.02560788473107954 0.014533464033823532 -0.7309609107173316
